key	0	1	2	3	4	5	6
189501	0.000	0.000	0.000	0.952	0.048	0.000	0.000
189502	0.000	0.000	0.000	0.923	0.077	0.000	0.000
189503	0.000	0.000	0.000	0.898	0.086	0.016	0.000
189504	0.000	0.000	0.003	0.885	0.083	0.021	0.008
189505	0.000	0.000	0.057	0.777	0.105	0.036	0.025
189506	0.000	0.016	0.077	0.654	0.119	0.070	0.064
189507	0.004	0.034	0.052	0.548	0.158	0.092	0.111
189508	0.008	0.038	0.072	0.529	0.184	0.087	0.081
189509	0.033	0.044	0.051	0.632	0.143	0.047	0.049
189510	0.043	0.047	0.076	0.648	0.130	0.005	0.049
189511	0.042	0.056	0.085	0.623	0.116	0.029	0.049
189512	0.024	0.053	0.112	0.631	0.084	0.050	0.046
189601	0.026	0.058	0.113	0.606	0.100	0.056	0.041
189602	0.013	0.044	0.085	0.722	0.069	0.025	0.041
189603	0.008	0.032	0.118	0.707	0.056	0.025	0.055
189604	0.007	0.044	0.132	0.628	0.103	0.013	0.073
189605	0.015	0.082	0.138	0.461	0.171	0.045	0.089
189606	0.015	0.072	0.180	0.504	0.105	0.062	0.063
189607	0.005	0.064	0.129	0.526	0.145	0.061	0.069
189608	0.016	0.082	0.182	0.482	0.128	0.036	0.075
189609	0.012	0.079	0.101	0.537	0.121	0.071	0.078
189610	0.002	0.044	0.092	0.616	0.151	0.045	0.050
189611	0.002	0.029	0.082	0.573	0.175	0.080	0.058
189612	0.015	0.038	0.090	0.618	0.158	0.037	0.044
189701	0.014	0.032	0.064	0.634	0.153	0.078	0.025
189702	0.002	0.034	0.071	0.602	0.181	0.079	0.032
189703	0.002	0.020	0.032	0.511	0.246	0.119	0.070
189704	0.002	0.023	0.031	0.638	0.146	0.121	0.041
189705	0.005	0.022	0.032	0.756	0.092	0.074	0.019
189706	0.017	0.015	0.037	0.754	0.088	0.052	0.037
189707	0.019	0.013	0.073	0.705	0.065	0.062	0.063
189708	0.011	0.021	0.080	0.753	0.053	0.030	0.051
189709	0.028	0.017	0.152	0.723	0.040	0.010	0.031
189710	0.029	0.047	0.210	0.588	0.051	0.041	0.033
189711	0.034	0.073	0.176	0.623	0.049	0.034	0.012
189712	0.019	0.061	0.188	0.623	0.035	0.062	0.012
189801	0.021	0.041	0.115	0.717	0.048	0.044	0.013
189802	0.025	0.051	0.125	0.700	0.058	0.024	0.017
189803	0.035	0.052	0.124	0.641	0.111	0.023	0.012
189804	0.054	0.038	0.133	0.666	0.082	0.015	0.012
189805	0.038	0.056	0.147	0.598	0.083	0.059	0.019
189806	0.048	0.069	0.093	0.615	0.087	0.062	0.026
189807	0.037	0.052	0.096	0.615	0.090	0.078	0.032
189808	0.038	0.064	0.076	0.625	0.080	0.100	0.017
189809	0.038	0.075	0.101	0.585	0.114	0.072	0.015
189810	0.023	0.058	0.138	0.535	0.149	0.068	0.029
189811	0.026	0.049	0.104	0.600	0.108	0.089	0.026
189812	0.021	0.051	0.104	0.683	0.088	0.041	0.012
189901	0.018	0.048	0.102	0.676	0.102	0.042	0.012
189902	0.035	0.020	0.101	0.628	0.163	0.034	0.020
189903	0.006	0.019	0.085	0.662	0.133	0.071	0.023
189904	0.010	0.057	0.077	0.751	0.079	0.019	0.007
189905	0.006	0.078	0.103	0.695	0.072	0.033	0.013
189906	0.006	0.082	0.097	0.693	0.081	0.027	0.013
189907	0.015	0.052	0.103	0.672	0.098	0.048	0.013
189908	0.024	0.073	0.101	0.643	0.076	0.066	0.016
189909	0.029	0.084	0.140	0.667	0.050	0.031	0.000
189910	0.013	0.100	0.168	0.598	0.078	0.031	0.013
189911	0.033	0.122	0.186	0.567	0.082	0.010	0.000
189912	0.021	0.128	0.182	0.607	0.060	0.002	0.000
190001	0.041	0.123	0.164	0.632	0.039	0.000	0.000
190002	0.052	0.056	0.092	0.762	0.022	0.004	0.012
190003	0.068	0.066	0.086	0.725	0.035	0.004	0.016
190004	0.031	0.090	0.095	0.642	0.086	0.038	0.020
190005	0.077	0.063	0.153	0.611	0.039	0.036	0.021
190006	0.112	0.088	0.116	0.521	0.105	0.040	0.019
190007	0.119	0.066	0.087	0.579	0.066	0.049	0.034
190008	0.121	0.062	0.099	0.628	0.019	0.043	0.029
190009	0.100	0.071	0.115	0.557	0.058	0.043	0.056
190010	0.096	0.091	0.104	0.552	0.051	0.056	0.050
190011	0.071	0.079	0.103	0.651	0.052	0.027	0.016
190012	0.091	0.092	0.084	0.677	0.028	0.019	0.009
190101	0.099	0.085	0.098	0.665	0.035	0.012	0.005
190102	0.069	0.096	0.134	0.636	0.048	0.014	0.003
190103	0.059	0.087	0.102	0.699	0.035	0.007	0.011
190104	0.057	0.076	0.094	0.735	0.015	0.011	0.012
190105	0.048	0.078	0.103	0.673	0.084	0.005	0.009
190106	0.073	0.051	0.162	0.593	0.100	0.014	0.006
190107	0.078	0.086	0.234	0.487	0.086	0.015	0.014
190108	0.058	0.156	0.195	0.438	0.035	0.073	0.046
190109	0.103	0.081	0.206	0.438	0.050	0.086	0.037
190110	0.079	0.159	0.152	0.472	0.064	0.044	0.031
190111	0.132	0.138	0.174	0.468	0.064	0.022	0.002
190112	0.119	0.143	0.196	0.423	0.073	0.023	0.022
190201	0.130	0.159	0.195	0.439	0.045	0.026	0.006
190202	0.134	0.146	0.178	0.449	0.049	0.036	0.007
190203	0.117	0.120	0.182	0.485	0.054	0.016	0.027
190204	0.135	0.164	0.181	0.447	0.038	0.012	0.022
190205	0.109	0.144	0.148	0.513	0.047	0.011	0.028
190206	0.116	0.130	0.138	0.543	0.033	0.010	0.030
190207	0.122	0.091	0.152	0.446	0.097	0.059	0.034
190208	0.128	0.137	0.141	0.422	0.064	0.052	0.056
190209	0.122	0.057	0.101	0.547	0.071	0.042	0.059
190210	0.123	0.065	0.104	0.547	0.063	0.036	0.063
190211	0.095	0.069	0.061	0.568	0.118	0.051	0.037
190212	0.064	0.057	0.073	0.564	0.123	0.075	0.043
190301	0.056	0.052	0.087	0.569	0.138	0.057	0.039
190302	0.037	0.058	0.062	0.499	0.201	0.065	0.078
190303	0.037	0.041	0.051	0.540	0.201	0.045	0.085
190304	0.019	0.047	0.074	0.597	0.154	0.087	0.022
190305	0.013	0.060	0.065	0.587	0.147	0.083	0.045
190306	0.006	0.025	0.096	0.599	0.172	0.064	0.038
190307	0.006	0.028	0.103	0.556	0.127	0.104	0.076
190308	0.021	0.053	0.074	0.514	0.114	0.119	0.104
190309	0.003	0.040	0.106	0.585	0.079	0.103	0.083
190310	0.003	0.060	0.115	0.586	0.072	0.069	0.095
190311	0.025	0.060	0.117	0.609	0.091	0.036	0.062
190312	0.054	0.070	0.097	0.623	0.071	0.039	0.046
190401	0.054	0.075	0.120	0.590	0.096	0.030	0.035
190402	0.078	0.071	0.111	0.558	0.117	0.036	0.029
190403	0.093	0.077	0.128	0.382	0.166	0.111	0.043
190404	0.098	0.078	0.102	0.509	0.144	0.054	0.016
190405	0.089	0.073	0.096	0.548	0.144	0.037	0.014
190406	0.097	0.054	0.082	0.573	0.118	0.052	0.025
190407	0.080	0.045	0.100	0.553	0.117	0.049	0.056
190408	0.060	0.025	0.110	0.560	0.106	0.054	0.086
190409	0.036	0.052	0.095	0.558	0.072	0.113	0.075
190410	0.036	0.075	0.123	0.513	0.103	0.095	0.056
190411	0.057	0.116	0.133	0.563	0.084	0.019	0.028
190412	0.059	0.094	0.168	0.570	0.071	0.026	0.012
190501	0.037	0.062	0.157	0.639	0.064	0.032	0.008
190502	0.031	0.076	0.154	0.593	0.097	0.039	0.009
190503	0.032	0.082	0.151	0.566	0.056	0.089	0.026
190504	0.051	0.090	0.093	0.478	0.093	0.095	0.100
190505	0.018	0.058	0.078	0.519	0.119	0.068	0.141
190506	0.017	0.033	0.078	0.507	0.108	0.089	0.168
190507	0.019	0.033	0.068	0.434	0.121	0.120	0.205
190508	0.019	0.048	0.058	0.445	0.118	0.153	0.160
190509	0.016	0.041	0.060	0.465	0.143	0.153	0.122
190510	0.008	0.021	0.069	0.487	0.186	0.112	0.117
190511	0.008	0.011	0.083	0.467	0.148	0.147	0.136
190512	0.008	0.019	0.075	0.482	0.166	0.143	0.107
190601	0.008	0.008	0.064	0.529	0.138	0.143	0.110
190602	0.008	0.009	0.061	0.588	0.162	0.076	0.097
190603	0.008	0.014	0.040	0.515	0.217	0.107	0.098
190604	0.016	0.013	0.059	0.546	0.173	0.083	0.110
190605	0.000	0.007	0.017	0.574	0.155	0.072	0.174
190606	0.000	0.006	0.023	0.558	0.152	0.077	0.184
190607	0.000	0.001	0.012	0.466	0.226	0.103	0.191
190608	0.000	0.008	0.010	0.375	0.208	0.178	0.222
190609	0.000	0.000	0.017	0.429	0.174	0.188	0.192
190610	0.000	0.000	0.008	0.447	0.206	0.216	0.123
190611	0.000	0.002	0.013	0.465	0.213	0.200	0.107
190612	0.000	0.002	0.014	0.493	0.138	0.226	0.128
190701	0.000	0.006	0.033	0.365	0.222	0.135	0.239
190702	0.000	0.010	0.033	0.482	0.130	0.161	0.185
190703	0.007	0.034	0.071	0.464	0.112	0.123	0.188
190704	0.000	0.016	0.024	0.568	0.107	0.130	0.154
190705	0.000	0.010	0.014	0.521	0.150	0.118	0.187
190706	0.000	0.006	0.015	0.529	0.143	0.098	0.209
190707	0.000	0.000	0.031	0.491	0.127	0.100	0.250
190708	0.000	0.012	0.031	0.475	0.154	0.091	0.238
190709	0.000	0.000	0.012	0.566	0.118	0.112	0.192
190710	0.000	0.000	0.017	0.584	0.143	0.092	0.163
190711	0.000	0.000	0.011	0.604	0.181	0.092	0.112
190712	0.000	0.000	0.001	0.625	0.209	0.063	0.101
190801	0.000	0.000	0.009	0.692	0.172	0.058	0.069
190802	0.000	0.000	0.006	0.638	0.218	0.078	0.059
190803	0.000	0.000	0.011	0.729	0.138	0.062	0.060
190804	0.000	0.000	0.027	0.733	0.126	0.067	0.047
190805	0.000	0.000	0.018	0.599	0.165	0.143	0.075
190806	0.000	0.000	0.027	0.684	0.098	0.099	0.092
190807	0.000	0.000	0.019	0.664	0.134	0.086	0.096
190808	0.000	0.000	0.030	0.606	0.157	0.087	0.120
190809	0.000	0.000	0.092	0.594	0.155	0.056	0.104
190810	0.002	0.042	0.090	0.531	0.128	0.075	0.132
190811	0.041	0.057	0.084	0.521	0.095	0.086	0.115
190812	0.059	0.048	0.092	0.558	0.111	0.049	0.083
190901	0.050	0.049	0.111	0.492	0.108	0.076	0.114
190902	0.007	0.030	0.084	0.529	0.149	0.058	0.143
190903	0.005	0.020	0.132	0.551	0.135	0.035	0.123
190904	0.000	0.016	0.130	0.580	0.133	0.024	0.116
190905	0.000	0.024	0.129	0.565	0.118	0.045	0.119
190906	0.000	0.039	0.109	0.513	0.166	0.059	0.114
190907	0.003	0.025	0.120	0.490	0.134	0.113	0.116
190908	0.004	0.026	0.121	0.532	0.109	0.067	0.141
190909	0.007	0.079	0.079	0.567	0.072	0.043	0.153
190910	0.006	0.084	0.082	0.565	0.099	0.044	0.119
190911	0.021	0.073	0.083	0.508	0.093	0.084	0.138
190912	0.023	0.025	0.113	0.471	0.102	0.106	0.160
191001	0.008	0.025	0.135	0.421	0.149	0.100	0.162
191002	0.003	0.020	0.120	0.600	0.081	0.044	0.133
191003	0.010	0.083	0.196	0.609	0.006	0.008	0.088
191004	0.009	0.072	0.202	0.615	0.006	0.029	0.067
191005	0.027	0.059	0.174	0.638	0.012	0.039	0.050
191006	0.045	0.073	0.296	0.484	0.035	0.044	0.023
191007	0.064	0.114	0.264	0.434	0.072	0.046	0.007
191008	0.073	0.158	0.258	0.385	0.082	0.044	0.000
191009	0.113	0.088	0.217	0.484	0.058	0.018	0.022
191010	0.122	0.113	0.149	0.498	0.082	0.014	0.022
191011	0.156	0.091	0.128	0.533	0.046	0.023	0.022
191012	0.140	0.106	0.162	0.524	0.045	0.015	0.007
191101	0.166	0.078	0.117	0.491	0.074	0.049	0.026
191102	0.105	0.113	0.126	0.480	0.121	0.041	0.013
191103	0.114	0.129	0.189	0.419	0.102	0.044	0.003
191104	0.099	0.092	0.147	0.511	0.089	0.059	0.003
191105	0.086	0.125	0.167	0.490	0.060	0.059	0.012
191106	0.131	0.152	0.160	0.397	0.076	0.045	0.038
191107	0.116	0.128	0.145	0.384	0.136	0.054	0.038
191108	0.066	0.090	0.099	0.637	0.045	0.036	0.027
191109	0.065	0.101	0.067	0.648	0.074	0.011	0.034
191110	0.028	0.093	0.067	0.620	0.100	0.056	0.036
191111	0.021	0.082	0.061	0.638	0.101	0.055	0.042
191112	0.003	0.020	0.068	0.718	0.085	0.063	0.042
191201	0.006	0.009	0.077	0.716	0.108	0.041	0.042
191202	0.003	0.018	0.098	0.674	0.130	0.035	0.043
191203	0.000	0.012	0.035	0.718	0.129	0.045	0.061
191204	0.000	0.008	0.026	0.666	0.169	0.062	0.069
191205	0.000	0.012	0.021	0.645	0.179	0.069	0.074
191206	0.000	0.017	0.034	0.600	0.191	0.083	0.075
191207	0.000	0.009	0.032	0.562	0.175	0.107	0.115
191208	0.000	0.000	0.032	0.542	0.155	0.126	0.145
191209	0.000	0.003	0.036	0.539	0.151	0.119	0.151
191210	0.000	0.003	0.028	0.572	0.132	0.106	0.159
191211	0.000	0.004	0.050	0.660	0.064	0.089	0.132
191212	0.000	0.006	0.067	0.662	0.074	0.076	0.115
191301	0.000	0.006	0.052	0.626	0.110	0.093	0.113
191302	0.000	0.008	0.041	0.685	0.113	0.060	0.094
191303	0.001	0.012	0.021	0.656	0.113	0.074	0.123
191304	0.000	0.012	0.034	0.753	0.066	0.054	0.082
191305	0.000	0.011	0.038	0.765	0.073	0.056	0.057
191306	0.008	0.011	0.055	0.737	0.047	0.079	0.063
191307	0.008	0.024	0.097	0.647	0.040	0.094	0.090
191308	0.025	0.067	0.163	0.539	0.052	0.067	0.087
191309	0.012	0.049	0.091	0.609	0.081	0.078	0.080
191310	0.003	0.028	0.088	0.622	0.088	0.100	0.071
191311	0.008	0.032	0.106	0.607	0.104	0.080	0.064
191312	0.012	0.046	0.080	0.570	0.115	0.066	0.110
191401	0.019	0.026	0.132	0.513	0.070	0.093	0.147
191402	0.015	0.018	0.087	0.579	0.097	0.048	0.156
191403	0.009	0.030	0.087	0.592	0.116	0.069	0.097
191404	0.008	0.030	0.081	0.580	0.076	0.137	0.088
191405	0.009	0.058	0.116	0.523	0.068	0.104	0.122
191406	0.027	0.067	0.137	0.409	0.141	0.083	0.134
191407	0.046	0.092	0.115	0.376	0.107	0.137	0.127
191408	0.033	0.056	0.132	0.430	0.103	0.142	0.105
191409	0.008	0.055	0.140	0.499	0.133	0.087	0.077
191410	0.005	0.052	0.127	0.525	0.132	0.082	0.076
191411	0.028	0.071	0.140	0.561	0.105	0.028	0.068
191412	0.028	0.043	0.125	0.573	0.136	0.044	0.051
191501	0.022	0.025	0.123	0.543	0.137	0.086	0.065
191502	0.010	0.030	0.103	0.571	0.134	0.087	0.065
191503	0.026	0.058	0.116	0.524	0.113	0.095	0.069
191504	0.044	0.095	0.139	0.430	0.076	0.056	0.161
191505	0.009	0.034	0.066	0.563	0.064	0.061	0.204
191506	0.002	0.030	0.054	0.531	0.106	0.073	0.204
191507	0.000	0.025	0.042	0.411	0.157	0.064	0.300
191508	0.000	0.034	0.043	0.375	0.114	0.095	0.339
191509	0.000	0.024	0.045	0.396	0.125	0.108	0.302
191510	0.000	0.020	0.047	0.485	0.137	0.112	0.199
191511	0.000	0.013	0.026	0.511	0.165	0.119	0.166
191512	0.000	0.012	0.013	0.532	0.134	0.138	0.171
191601	0.000	0.002	0.038	0.369	0.135	0.122	0.334
191602	0.000	0.004	0.040	0.468	0.170	0.097	0.221
191603	0.004	0.016	0.096	0.379	0.184	0.128	0.192
191604	0.000	0.020	0.089	0.429	0.171	0.129	0.162
191605	0.000	0.013	0.080	0.431	0.190	0.106	0.179
191606	0.000	0.020	0.092	0.396	0.151	0.156	0.184
191607	0.000	0.007	0.057	0.423	0.231	0.082	0.199
191608	0.000	0.000	0.047	0.518	0.142	0.090	0.203
191609	0.000	0.000	0.071	0.555	0.113	0.083	0.177
191610	0.000	0.007	0.059	0.557	0.100	0.087	0.189
191611	0.000	0.013	0.094	0.552	0.111	0.091	0.139
191612	0.000	0.019	0.112	0.533	0.096	0.085	0.155
191701	0.000	0.029	0.130	0.518	0.081	0.090	0.153
191702	0.007	0.063	0.140	0.457	0.121	0.070	0.142
191703	0.007	0.077	0.126	0.449	0.144	0.086	0.111
191704	0.007	0.054	0.112	0.483	0.092	0.109	0.143
191705	0.009	0.056	0.079	0.502	0.102	0.091	0.161
191706	0.042	0.063	0.046	0.553	0.070	0.067	0.159
191707	0.040	0.066	0.082	0.529	0.044	0.078	0.161
191708	0.047	0.028	0.073	0.662	0.025	0.042	0.123
191709	0.070	0.016	0.073	0.663	0.033	0.027	0.118
191710	0.070	0.033	0.088	0.629	0.044	0.059	0.077
191711	0.070	0.046	0.134	0.621	0.045	0.066	0.017
191712	0.081	0.054	0.155	0.596	0.057	0.040	0.017
191801	0.062	0.094	0.123	0.572	0.065	0.057	0.028
191802	0.072	0.079	0.164	0.544	0.062	0.064	0.015
191803	0.086	0.094	0.201	0.503	0.066	0.046	0.005
191804	0.058	0.056	0.166	0.607	0.061	0.039	0.013
191805	0.061	0.078	0.148	0.636	0.042	0.024	0.011
191806	0.068	0.103	0.224	0.542	0.035	0.017	0.011
191807	0.085	0.112	0.198	0.516	0.035	0.036	0.018
191808	0.093	0.114	0.184	0.511	0.045	0.034	0.018
191809	0.049	0.066	0.129	0.618	0.079	0.018	0.041
191810	0.000	0.017	0.073	0.810	0.063	0.019	0.016
191811	0.000	0.013	0.068	0.809	0.069	0.026	0.015
191812	0.000	0.019	0.058	0.759	0.131	0.014	0.019
191901	0.000	0.013	0.070	0.811	0.083	0.017	0.006
191902	0.000	0.002	0.028	0.812	0.136	0.022	0.000
191903	0.000	0.002	0.030	0.796	0.130	0.026	0.015
191904	0.000	0.002	0.035	0.771	0.093	0.069	0.030
191905	0.000	0.008	0.081	0.682	0.130	0.068	0.030
191906	0.022	0.052	0.099	0.582	0.094	0.077	0.074
191907	0.047	0.062	0.102	0.491	0.100	0.042	0.156
191908	0.083	0.068	0.096	0.495	0.080	0.032	0.147
191909	0.053	0.048	0.107	0.558	0.066	0.021	0.147
191910	0.000	0.013	0.097	0.630	0.073	0.028	0.158
191911	0.000	0.016	0.076	0.539	0.173	0.040	0.156
191912	0.002	0.004	0.110	0.582	0.113	0.038	0.150
192001	0.002	0.011	0.155	0.524	0.103	0.054	0.150
192002	0.005	0.115	0.029	0.588	0.079	0.056	0.129
192003	0.000	0.031	0.027	0.656	0.098	0.050	0.138
192004	0.000	0.000	0.026	0.580	0.163	0.106	0.126
192005	0.000	0.005	0.043	0.544	0.194	0.075	0.138
192006	0.000	0.004	0.042	0.524	0.185	0.125	0.120
192007	0.000	0.000	0.042	0.581	0.171	0.100	0.107
192008	0.000	0.000	0.021	0.545	0.158	0.109	0.167
192009	0.000	0.000	0.008	0.676	0.119	0.107	0.089
192010	0.000	0.007	0.026	0.685	0.093	0.060	0.130
192011	0.007	0.006	0.033	0.645	0.124	0.102	0.083
192012	0.002	0.009	0.031	0.627	0.161	0.112	0.058
192101	0.005	0.010	0.033	0.659	0.124	0.101	0.069
192102	0.006	0.014	0.046	0.673	0.135	0.092	0.034
192103	0.002	0.014	0.063	0.718	0.115	0.058	0.029
192104	0.000	0.011	0.087	0.733	0.080	0.059	0.030
192105	0.004	0.016	0.072	0.707	0.121	0.058	0.022
192106	0.005	0.039	0.103	0.661	0.073	0.084	0.035
192107	0.015	0.052	0.096	0.599	0.082	0.102	0.054
192108	0.005	0.040	0.097	0.691	0.052	0.061	0.054
192109	0.012	0.044	0.096	0.733	0.051	0.033	0.032
192110	0.006	0.049	0.146	0.728	0.027	0.012	0.032
192111	0.011	0.038	0.177	0.699	0.044	0.015	0.016
192112	0.020	0.058	0.191	0.601	0.088	0.013	0.029
192201	0.012	0.027	0.159	0.697	0.064	0.011	0.029
192202	0.002	0.023	0.129	0.738	0.068	0.018	0.022
192203	0.000	0.006	0.077	0.777	0.098	0.019	0.022
192204	0.002	0.013	0.059	0.705	0.170	0.019	0.032
192205	0.002	0.009	0.058	0.686	0.180	0.043	0.022
192206	0.000	0.012	0.069	0.667	0.150	0.076	0.026
192207	0.005	0.025	0.069	0.590	0.190	0.097	0.025
192208	0.026	0.040	0.071	0.610	0.125	0.118	0.010
192209	0.041	0.055	0.093	0.697	0.096	0.017	0.001
192210	0.047	0.059	0.113	0.701	0.076	0.005	0.000
192211	0.031	0.066	0.143	0.646	0.096	0.018	0.000
192212	0.026	0.069	0.118	0.664	0.108	0.014	0.000
192301	0.023	0.052	0.119	0.692	0.079	0.034	0.000
192302	0.012	0.052	0.113	0.723	0.089	0.010	0.000
192303	0.014	0.036	0.110	0.750	0.070	0.021	0.000
192304	0.013	0.036	0.061	0.748	0.104	0.033	0.006
192305	0.013	0.033	0.063	0.753	0.088	0.050	0.000
192306	0.012	0.024	0.076	0.670	0.149	0.053	0.016
192307	0.012	0.033	0.049	0.629	0.146	0.070	0.061
192308	0.014	0.025	0.042	0.611	0.119	0.092	0.097
192309	0.014	0.026	0.036	0.640	0.098	0.080	0.106
192310	0.018	0.020	0.032	0.608	0.133	0.062	0.127
192311	0.025	0.027	0.054	0.602	0.119	0.062	0.112
192312	0.024	0.026	0.068	0.510	0.145	0.124	0.104
192401	0.022	0.035	0.077	0.519	0.153	0.118	0.076
192402	0.020	0.040	0.102	0.558	0.099	0.103	0.078
192403	0.026	0.083	0.042	0.534	0.118	0.105	0.093
192404	0.019	0.073	0.048	0.574	0.133	0.090	0.062
192405	0.074	0.049	0.069	0.564	0.145	0.043	0.057
192406	0.110	0.036	0.052	0.581	0.139	0.041	0.041
192407	0.117	0.040	0.051	0.601	0.109	0.038	0.043
192408	0.111	0.065	0.093	0.579	0.090	0.034	0.029
192409	0.108	0.071	0.084	0.509	0.138	0.057	0.033
192410	0.023	0.069	0.127	0.655	0.051	0.048	0.027
192411	0.030	0.099	0.184	0.597	0.048	0.023	0.020
192412	0.013	0.079	0.153	0.651	0.055	0.024	0.024
192501	0.001	0.067	0.180	0.639	0.051	0.037	0.024
192502	0.016	0.083	0.216	0.610	0.045	0.019	0.011
192503	0.027	0.119	0.259	0.543	0.035	0.012	0.006
192504	0.056	0.139	0.248	0.514	0.025	0.012	0.006
192505	0.069	0.169	0.306	0.427	0.023	0.006	0.000
192506	0.122	0.142	0.204	0.465	0.056	0.004	0.006
192507	0.120	0.106	0.177	0.537	0.042	0.012	0.006
192508	0.156	0.120	0.122	0.541	0.045	0.008	0.006
192509	0.110	0.092	0.083	0.626	0.069	0.014	0.006
192510	0.050	0.086	0.081	0.629	0.115	0.015	0.024
192511	0.033	0.086	0.076	0.653	0.107	0.024	0.021
192512	0.034	0.096	0.090	0.687	0.054	0.022	0.017
192601	0.016	0.056	0.122	0.664	0.103	0.022	0.017
192602	0.001	0.049	0.142	0.703	0.073	0.015	0.017
192603	0.024	0.039	0.162	0.661	0.044	0.058	0.011
192604	0.042	0.076	0.124	0.590	0.111	0.034	0.023
192605	0.066	0.078	0.160	0.490	0.134	0.050	0.023
192606	0.086	0.065	0.172	0.515	0.117	0.023	0.023
192607	0.097	0.073	0.172	0.470	0.073	0.086	0.028
192608	0.054	0.056	0.090	0.647	0.106	0.019	0.028
192609	0.050	0.045	0.072	0.611	0.139	0.059	0.024
192610	0.036	0.044	0.079	0.597	0.146	0.063	0.034
192611	0.017	0.049	0.048	0.615	0.158	0.074	0.039
192612	0.019	0.040	0.045	0.606	0.191	0.073	0.026
192701	0.024	0.043	0.059	0.640	0.148	0.064	0.021
192702	0.021	0.041	0.038	0.633	0.185	0.063	0.018
192703	0.011	0.040	0.076	0.625	0.192	0.029	0.026
192704	0.016	0.045	0.047	0.586	0.151	0.111	0.043
192705	0.031	0.052	0.063	0.473	0.188	0.106	0.087
192706	0.012	0.052	0.061	0.501	0.183	0.082	0.109
192707	0.011	0.044	0.046	0.540	0.162	0.066	0.130
192708	0.008	0.047	0.094	0.489	0.138	0.073	0.151
192709	0.022	0.054	0.078	0.456	0.147	0.101	0.142
192710	0.022	0.028	0.095	0.509	0.126	0.083	0.137
192711	0.026	0.029	0.105	0.466	0.104	0.101	0.169
192712	0.009	0.021	0.102	0.536	0.077	0.087	0.168
192801	0.016	0.023	0.126	0.541	0.088	0.076	0.130
192802	0.007	0.044	0.045	0.652	0.084	0.079	0.088
192803	0.007	0.032	0.083	0.647	0.107	0.047	0.077
192804	0.000	0.023	0.059	0.688	0.112	0.050	0.068
192805	0.000	0.043	0.089	0.726	0.056	0.048	0.038
192806	0.023	0.017	0.103	0.511	0.178	0.089	0.079
192807	0.033	0.035	0.104	0.476	0.167	0.083	0.101
192808	0.033	0.035	0.118	0.467	0.109	0.118	0.120
192809	0.033	0.062	0.096	0.502	0.121	0.061	0.124
192810	0.033	0.021	0.124	0.532	0.111	0.087	0.092
192811	0.033	0.008	0.124	0.515	0.149	0.089	0.081
192812	0.023	0.032	0.145	0.528	0.148	0.069	0.055
192901	0.023	0.034	0.128	0.524	0.140	0.097	0.054
192902	0.023	0.065	0.107	0.511	0.149	0.093	0.053
192903	0.014	0.078	0.114	0.506	0.148	0.087	0.052
192904	0.000	0.032	0.109	0.559	0.142	0.097	0.062
192905	0.000	0.053	0.115	0.521	0.123	0.096	0.092
192906	0.000	0.037	0.135	0.600	0.080	0.072	0.076
192907	0.012	0.045	0.092	0.594	0.122	0.084	0.051
192908	0.002	0.062	0.128	0.617	0.097	0.044	0.050
192909	0.000	0.083	0.058	0.632	0.113	0.054	0.059
192910	0.014	0.076	0.072	0.592	0.099	0.072	0.074
192911	0.056	0.059	0.094	0.535	0.102	0.071	0.083
192912	0.031	0.067	0.096	0.639	0.081	0.030	0.056
193001	0.035	0.051	0.066	0.654	0.088	0.046	0.059
193002	0.019	0.055	0.053	0.784	0.045	0.015	0.028
193003	0.021	0.039	0.095	0.765	0.044	0.008	0.028
193004	0.021	0.056	0.167	0.688	0.037	0.031	0.000
193005	0.001	0.027	0.205	0.688	0.046	0.029	0.004
193006	0.003	0.056	0.244	0.625	0.044	0.029	0.000
193007	0.027	0.149	0.255	0.472	0.056	0.041	0.000
193008	0.053	0.174	0.257	0.387	0.064	0.036	0.029
193009	0.071	0.116	0.326	0.356	0.079	0.033	0.019
193010	0.084	0.075	0.183	0.537	0.068	0.033	0.019
193011	0.106	0.072	0.120	0.591	0.052	0.026	0.033
193012	0.126	0.099	0.122	0.585	0.034	0.026	0.008
193101	0.147	0.099	0.161	0.506	0.048	0.036	0.003
193102	0.182	0.081	0.190	0.423	0.075	0.046	0.003
193103	0.156	0.094	0.191	0.426	0.053	0.076	0.003
193104	0.142	0.116	0.215	0.387	0.062	0.041	0.037
193105	0.147	0.146	0.189	0.398	0.041	0.039	0.041
193106	0.194	0.152	0.189	0.361	0.035	0.026	0.041
193107	0.225	0.126	0.169	0.366	0.045	0.036	0.034
193108	0.224	0.094	0.172	0.389	0.039	0.020	0.062
193109	0.183	0.127	0.218	0.357	0.069	0.009	0.037
193110	0.176	0.122	0.197	0.415	0.053	0.013	0.025
193111	0.123	0.153	0.119	0.482	0.057	0.037	0.029
193112	0.091	0.102	0.094	0.572	0.066	0.039	0.037
193201	0.056	0.086	0.103	0.508	0.158	0.049	0.039
193202	0.054	0.091	0.075	0.539	0.121	0.057	0.062
193203	0.031	0.070	0.062	0.656	0.081	0.064	0.036
193204	0.026	0.058	0.104	0.663	0.068	0.049	0.032
193205	0.023	0.062	0.102	0.679	0.055	0.025	0.054
193206	0.009	0.063	0.104	0.664	0.068	0.038	0.054
193207	0.019	0.066	0.117	0.620	0.074	0.036	0.068
193208	0.017	0.072	0.107	0.603	0.095	0.023	0.083
193209	0.035	0.090	0.107	0.619	0.040	0.030	0.079
193210	0.013	0.050	0.117	0.649	0.077	0.025	0.069
193211	0.008	0.047	0.126	0.646	0.090	0.060	0.023
193212	0.008	0.035	0.116	0.652	0.090	0.058	0.041
193301	0.011	0.042	0.086	0.750	0.045	0.062	0.004
193302	0.012	0.049	0.094	0.742	0.048	0.055	0.000
193303	0.019	0.042	0.085	0.771	0.075	0.007	0.001
193304	0.012	0.006	0.106	0.771	0.082	0.018	0.004
193305	0.008	0.010	0.064	0.751	0.133	0.016	0.017
193306	0.022	0.040	0.163	0.723	0.028	0.013	0.011
193307	0.038	0.076	0.166	0.664	0.036	0.013	0.008
193308	0.030	0.085	0.155	0.690	0.023	0.011	0.006
193309	0.050	0.086	0.189	0.630	0.034	0.008	0.004
193310	0.059	0.072	0.245	0.598	0.022	0.003	0.001
193311	0.067	0.138	0.285	0.497	0.010	0.001	0.001
193312	0.080	0.161	0.249	0.470	0.027	0.006	0.008
193401	0.108	0.186	0.220	0.449	0.016	0.014	0.008
193402	0.129	0.164	0.242	0.463	0.001	0.000	0.001
193403	0.162	0.134	0.253	0.444	0.006	0.000	0.001
193404	0.227	0.175	0.235	0.357	0.005	0.000	0.001
193405	0.337	0.169	0.235	0.250	0.007	0.001	0.001
193406	0.369	0.193	0.197	0.229	0.005	0.004	0.003
193407	0.440	0.186	0.170	0.198	0.005	0.001	0.000
193408	0.467	0.159	0.145	0.223	0.006	0.000	0.000
193409	0.389	0.156	0.130	0.310	0.015	0.001	0.000
193410	0.395	0.143	0.101	0.349	0.010	0.001	0.001
193411	0.336	0.102	0.094	0.444	0.024	0.000	0.000
193412	0.322	0.115	0.098	0.444	0.021	0.000	0.000
193501	0.300	0.095	0.098	0.476	0.021	0.009	0.000
193502	0.284	0.127	0.085	0.482	0.023	0.000	0.000
193503	0.251	0.136	0.056	0.530	0.024	0.003	0.000
193504	0.146	0.148	0.053	0.599	0.049	0.005	0.000
193505	0.057	0.135	0.114	0.517	0.149	0.028	0.000
193506	0.051	0.112	0.142	0.458	0.145	0.071	0.020
193507	0.066	0.099	0.123	0.520	0.125	0.051	0.017
193508	0.075	0.080	0.127	0.546	0.132	0.025	0.016
193509	0.058	0.102	0.160	0.531	0.085	0.046	0.017
193510	0.061	0.098	0.185	0.564	0.053	0.027	0.012
193511	0.053	0.090	0.184	0.581	0.054	0.025	0.014
193512	0.069	0.084	0.201	0.574	0.033	0.026	0.012
193601	0.040	0.063	0.119	0.696	0.060	0.008	0.013
193602	0.020	0.030	0.148	0.649	0.117	0.034	0.002
193603	0.012	0.056	0.150	0.662	0.075	0.040	0.004
193604	0.015	0.074	0.189	0.628	0.053	0.037	0.004
193605	0.029	0.110	0.212	0.606	0.017	0.020	0.006
193606	0.072	0.188	0.204	0.487	0.027	0.022	0.000
193607	0.188	0.194	0.168	0.406	0.012	0.013	0.019
193608	0.277	0.150	0.126	0.398	0.016	0.026	0.007
193609	0.208	0.120	0.114	0.496	0.044	0.000	0.019
193610	0.181	0.107	0.111	0.501	0.075	0.006	0.019
193611	0.203	0.112	0.133	0.515	0.018	0.000	0.019
193612	0.163	0.115	0.110	0.533	0.058	0.009	0.012
193701	0.119	0.101	0.115	0.446	0.145	0.058	0.016
193702	0.097	0.105	0.084	0.565	0.108	0.037	0.005
193703	0.095	0.083	0.106	0.583	0.077	0.040	0.016
193704	0.076	0.075	0.090	0.642	0.069	0.048	0.000
193705	0.107	0.069	0.073	0.651	0.061	0.020	0.020
193706	0.083	0.069	0.132	0.551	0.109	0.035	0.021
193707	0.091	0.071	0.114	0.577	0.078	0.023	0.048
193708	0.120	0.057	0.111	0.599	0.044	0.047	0.022
193709	0.121	0.064	0.131	0.584	0.043	0.043	0.014
193710	0.112	0.069	0.069	0.610	0.094	0.030	0.016
193711	0.099	0.078	0.077	0.647	0.060	0.037	0.003
193712	0.070	0.075	0.086	0.695	0.038	0.036	0.000
193801	0.062	0.084	0.058	0.716	0.058	0.021	0.000
193802	0.041	0.070	0.086	0.642	0.136	0.023	0.002
193803	0.046	0.053	0.111	0.585	0.100	0.068	0.037
193804	0.032	0.053	0.073	0.683	0.076	0.058	0.025
193805	0.009	0.018	0.086	0.731	0.082	0.047	0.027
193806	0.009	0.028	0.068	0.707	0.112	0.039	0.037
193807	0.009	0.024	0.052	0.640	0.182	0.057	0.037
193808	0.027	0.018	0.092	0.704	0.084	0.033	0.042
193809	0.013	0.033	0.112	0.642	0.096	0.047	0.057
193810	0.025	0.065	0.145	0.615	0.074	0.039	0.038
193811	0.018	0.064	0.147	0.639	0.069	0.037	0.026
193812	0.020	0.078	0.189	0.593	0.066	0.031	0.023
193901	0.013	0.062	0.163	0.645	0.072	0.020	0.025
193902	0.008	0.036	0.129	0.653	0.111	0.055	0.008
193903	0.011	0.041	0.154	0.699	0.053	0.041	0.000
193904	0.013	0.066	0.177	0.649	0.059	0.034	0.002
193905	0.035	0.091	0.161	0.673	0.021	0.019	0.000
193906	0.029	0.100	0.157	0.647	0.035	0.028	0.003
193907	0.060	0.081	0.196	0.614	0.025	0.024	0.000
193908	0.078	0.097	0.188	0.571	0.037	0.029	0.000
193909	0.084	0.121	0.236	0.505	0.015	0.004	0.036
193910	0.086	0.162	0.185	0.552	0.006	0.000	0.009
193911	0.123	0.197	0.263	0.408	0.000	0.005	0.004
193912	0.145	0.191	0.285	0.374	0.000	0.000	0.004
194001	0.117	0.227	0.224	0.424	0.004	0.000	0.004
194002	0.077	0.149	0.237	0.476	0.057	0.000	0.004
194003	0.067	0.167	0.213	0.489	0.048	0.011	0.004
194004	0.041	0.096	0.124	0.676	0.058	0.002	0.004
194005	0.055	0.090	0.166	0.663	0.021	0.000	0.004
194006	0.074	0.092	0.178	0.589	0.061	0.002	0.004
194007	0.080	0.138	0.192	0.508	0.062	0.015	0.004
194008	0.093	0.122	0.149	0.502	0.072	0.049	0.013
194009	0.067	0.080	0.143	0.635	0.062	0.003	0.010
194010	0.063	0.092	0.130	0.665	0.034	0.005	0.010
194011	0.048	0.052	0.099	0.680	0.062	0.051	0.009
194012	0.035	0.060	0.113	0.609	0.117	0.031	0.034
194101	0.017	0.072	0.104	0.634	0.107	0.057	0.009
194102	0.025	0.090	0.116	0.555	0.119	0.064	0.031
194103	0.044	0.099	0.103	0.505	0.103	0.066	0.080
194104	0.048	0.056	0.160	0.405	0.087	0.089	0.155
194105	0.062	0.117	0.132	0.374	0.048	0.077	0.189
194106	0.048	0.072	0.129	0.384	0.069	0.069	0.229
194107	0.027	0.062	0.127	0.384	0.094	0.052	0.254
194108	0.029	0.062	0.112	0.344	0.112	0.093	0.248
194109	0.025	0.061	0.081	0.338	0.121	0.098	0.276
194110	0.008	0.079	0.056	0.262	0.172	0.094	0.329
194111	0.032	0.075	0.054	0.311	0.167	0.085	0.276
194112	0.036	0.050	0.051	0.315	0.170	0.119	0.259
194201	0.033	0.066	0.044	0.389	0.199	0.078	0.191
194202	0.017	0.069	0.051	0.396	0.188	0.097	0.181
194203	0.000	0.050	0.065	0.465	0.185	0.059	0.176
194204	0.024	0.045	0.063	0.443	0.140	0.068	0.216
194205	0.017	0.029	0.038	0.483	0.105	0.134	0.194
194206	0.009	0.018	0.022	0.441	0.150	0.175	0.185
194207	0.013	0.013	0.020	0.470	0.166	0.157	0.161
194208	0.002	0.015	0.019	0.495	0.190	0.111	0.169
194209	0.002	0.008	0.029	0.493	0.199	0.116	0.153
194210	0.000	0.005	0.057	0.562	0.117	0.107	0.152
194211	0.002	0.008	0.070	0.526	0.190	0.099	0.105
194212	0.000	0.018	0.058	0.503	0.183	0.129	0.108
194301	0.002	0.012	0.065	0.567	0.164	0.122	0.067
194302	0.002	0.027	0.093	0.583	0.143	0.095	0.057
194303	0.000	0.011	0.066	0.614	0.146	0.102	0.060
194304	0.000	0.016	0.073	0.651	0.170	0.064	0.027
194305	0.008	0.014	0.090	0.578	0.165	0.101	0.044
194306	0.005	0.018	0.087	0.562	0.134	0.151	0.045
194307	0.014	0.036	0.091	0.573	0.124	0.108	0.055
194308	0.011	0.057	0.107	0.587	0.124	0.069	0.045
194309	0.005	0.048	0.126	0.704	0.069	0.028	0.020
194310	0.006	0.036	0.165	0.664	0.081	0.033	0.015
194311	0.005	0.048	0.183	0.674	0.059	0.017	0.014
194312	0.004	0.059	0.174	0.691	0.056	0.016	0.000
194401	0.021	0.060	0.185	0.644	0.077	0.013	0.000
194402	0.009	0.036	0.136	0.740	0.059	0.020	0.000
194403	0.010	0.033	0.111	0.724	0.093	0.029	0.000
194404	0.008	0.012	0.087	0.658	0.147	0.073	0.014
194405	0.008	0.020	0.112	0.634	0.124	0.061	0.039
194406	0.000	0.032	0.058	0.624	0.153	0.064	0.069
194407	0.012	0.042	0.100	0.555	0.130	0.083	0.079
194408	0.005	0.056	0.090	0.558	0.111	0.071	0.110
194409	0.000	0.036	0.112	0.593	0.119	0.090	0.049
194410	0.014	0.040	0.140	0.628	0.073	0.084	0.021
194411	0.016	0.060	0.083	0.609	0.117	0.051	0.064
194412	0.038	0.058	0.087	0.606	0.101	0.085	0.026
194501	0.048	0.056	0.092	0.628	0.095	0.053	0.028
194502	0.031	0.018	0.029	0.718	0.099	0.087	0.017
194503	0.026	0.012	0.050	0.640	0.145	0.095	0.031
194504	0.015	0.010	0.030	0.634	0.152	0.121	0.037
194505	0.004	0.024	0.021	0.652	0.134	0.134	0.031
194506	0.004	0.014	0.062	0.535	0.171	0.107	0.107
194507	0.000	0.009	0.043	0.518	0.171	0.139	0.120
194508	0.000	0.009	0.032	0.557	0.119	0.115	0.167
194509	0.000	0.011	0.034	0.484	0.158	0.177	0.137
194510	0.000	0.000	0.047	0.603	0.148	0.080	0.122
194511	0.000	0.008	0.040	0.635	0.139	0.107	0.070
194512	0.000	0.011	0.036	0.649	0.172	0.087	0.045
194601	0.000	0.000	0.035	0.667	0.181	0.080	0.037
194602	0.000	0.000	0.065	0.687	0.141	0.074	0.033
194603	0.000	0.000	0.073	0.722	0.130	0.044	0.031
194604	0.000	0.008	0.134	0.744	0.076	0.029	0.009
194605	0.000	0.020	0.128	0.689	0.083	0.052	0.028
194606	0.000	0.052	0.122	0.672	0.098	0.044	0.012
194607	0.007	0.069	0.104	0.657	0.089	0.065	0.010
194608	0.000	0.037	0.107	0.691	0.084	0.070	0.011
194609	0.002	0.007	0.101	0.696	0.122	0.060	0.012
194610	0.000	0.009	0.066	0.651	0.139	0.090	0.046
194611	0.000	0.013	0.039	0.559	0.202	0.095	0.092
194612	0.001	0.005	0.052	0.598	0.171	0.108	0.065
194701	0.000	0.017	0.040	0.647	0.148	0.113	0.035
194702	0.000	0.021	0.066	0.695	0.130	0.063	0.025
194703	0.000	0.013	0.115	0.651	0.156	0.046	0.019
194704	0.000	0.045	0.083	0.619	0.173	0.054	0.026
194705	0.004	0.069	0.060	0.589	0.165	0.079	0.034
194706	0.000	0.056	0.045	0.538	0.138	0.108	0.115
194707	0.039	0.037	0.042	0.624	0.097	0.070	0.091
194708	0.021	0.022	0.062	0.677	0.083	0.036	0.098
194709	0.027	0.027	0.110	0.627	0.081	0.074	0.054
194710	0.017	0.040	0.202	0.499	0.123	0.070	0.048
194711	0.011	0.033	0.127	0.544	0.133	0.091	0.063
194712	0.013	0.048	0.092	0.613	0.118	0.048	0.068
194801	0.018	0.056	0.107	0.604	0.112	0.036	0.067
194802	0.012	0.050	0.084	0.646	0.103	0.059	0.046
194803	0.000	0.038	0.040	0.718	0.084	0.060	0.060
194804	0.000	0.024	0.064	0.699	0.108	0.052	0.052
194805	0.008	0.019	0.079	0.679	0.105	0.060	0.050
194806	0.009	0.020	0.078	0.661	0.116	0.065	0.050
194807	0.009	0.023	0.112	0.557	0.146	0.087	0.066
194808	0.015	0.035	0.118	0.575	0.106	0.093	0.059
194809	0.024	0.079	0.088	0.635	0.093	0.033	0.047
194810	0.032	0.083	0.103	0.639	0.073	0.041	0.029
194811	0.027	0.063	0.131	0.553	0.122	0.062	0.043
194812	0.017	0.068	0.096	0.588	0.132	0.055	0.044
194901	0.010	0.020	0.038	0.650	0.204	0.064	0.013
194902	0.010	0.016	0.041	0.672	0.179	0.065	0.018
194903	0.000	0.022	0.044	0.718	0.154	0.053	0.010
194904	0.011	0.010	0.071	0.735	0.153	0.012	0.007
194905	0.007	0.018	0.047	0.749	0.144	0.028	0.007
194906	0.003	0.014	0.092	0.619	0.177	0.071	0.024
194907	0.003	0.014	0.110	0.582	0.163	0.082	0.046
194908	0.012	0.039	0.108	0.626	0.135	0.036	0.044
194909	0.012	0.030	0.102	0.672	0.121	0.024	0.039
194910	0.006	0.034	0.092	0.659	0.133	0.043	0.034
194911	0.022	0.048	0.120	0.751	0.045	0.014	0.000
194912	0.019	0.051	0.124	0.737	0.058	0.012	0.000
195001	0.010	0.032	0.075	0.738	0.071	0.050	0.023
195002	0.002	0.045	0.122	0.660	0.085	0.052	0.032
195003	0.000	0.019	0.196	0.597	0.104	0.059	0.026
195004	0.000	0.036	0.194	0.592	0.094	0.057	0.027
195005	0.000	0.100	0.151	0.579	0.088	0.044	0.037
195006	0.009	0.086	0.147	0.592	0.094	0.035	0.036
195007	0.004	0.050	0.068	0.576	0.203	0.058	0.041
195008	0.020	0.031	0.144	0.486	0.141	0.125	0.054
195009	0.004	0.032	0.133	0.529	0.105	0.110	0.086
195010	0.009	0.093	0.106	0.562	0.099	0.096	0.035
195011	0.009	0.083	0.118	0.520	0.144	0.082	0.044
195012	0.061	0.072	0.125	0.477	0.166	0.078	0.021
195101	0.046	0.080	0.132	0.478	0.156	0.077	0.031
195102	0.045	0.075	0.124	0.513	0.112	0.101	0.031
195103	0.057	0.053	0.132	0.494	0.143	0.092	0.030
195104	0.032	0.061	0.119	0.537	0.142	0.098	0.012
195105	0.032	0.074	0.109	0.602	0.094	0.073	0.015
195106	0.032	0.096	0.124	0.500	0.145	0.064	0.039
195107	0.062	0.089	0.116	0.486	0.112	0.088	0.048
195108	0.044	0.074	0.118	0.481	0.119	0.078	0.087
195109	0.039	0.069	0.117	0.501	0.112	0.066	0.097
195110	0.037	0.082	0.087	0.471	0.123	0.084	0.116
195111	0.026	0.083	0.056	0.500	0.115	0.112	0.109
195112	0.024	0.081	0.037	0.503	0.133	0.114	0.108
195201	0.047	0.067	0.040	0.405	0.198	0.144	0.098
195202	0.032	0.065	0.069	0.462	0.199	0.103	0.071
195203	0.024	0.059	0.074	0.444	0.192	0.137	0.070
195204	0.001	0.054	0.066	0.551	0.159	0.126	0.043
195205	0.000	0.041	0.098	0.588	0.137	0.097	0.038
195206	0.008	0.072	0.105	0.584	0.130	0.070	0.030
195207	0.021	0.083	0.166	0.492	0.106	0.079	0.052
195208	0.044	0.058	0.184	0.580	0.065	0.043	0.028
195209	0.046	0.095	0.226	0.580	0.015	0.028	0.011
195210	0.076	0.146	0.306	0.458	0.015	0.001	0.000
195211	0.049	0.152	0.292	0.493	0.013	0.001	0.001
195212	0.018	0.154	0.279	0.531	0.011	0.006	0.001
195301	0.017	0.125	0.219	0.609	0.028	0.001	0.002
195302	0.017	0.097	0.210	0.655	0.019	0.001	0.001
195303	0.010	0.068	0.238	0.646	0.027	0.011	0.001
195304	0.007	0.063	0.147	0.724	0.044	0.011	0.004
195305	0.032	0.052	0.117	0.644	0.118	0.031	0.006
195306	0.072	0.046	0.157	0.568	0.089	0.044	0.023
195307	0.062	0.061	0.158	0.539	0.102	0.050	0.028
195308	0.077	0.069	0.196	0.496	0.049	0.081	0.031
195309	0.110	0.113	0.215	0.471	0.053	0.031	0.007
195310	0.104	0.155	0.242	0.423	0.052	0.016	0.007
195311	0.121	0.209	0.197	0.415	0.040	0.008	0.011
195312	0.122	0.184	0.188	0.421	0.056	0.014	0.014
195401	0.113	0.147	0.223	0.453	0.036	0.016	0.013
195402	0.136	0.188	0.213	0.403	0.043	0.010	0.007
195403	0.132	0.147	0.210	0.462	0.040	0.002	0.007
195404	0.104	0.230	0.223	0.373	0.061	0.002	0.007
195405	0.120	0.170	0.237	0.421	0.032	0.013	0.007
195406	0.137	0.194	0.269	0.298	0.076	0.017	0.010
195407	0.219	0.222	0.171	0.307	0.056	0.022	0.003
195408	0.239	0.232	0.117	0.276	0.102	0.022	0.011
195409	0.336	0.163	0.089	0.301	0.064	0.026	0.022
195410	0.256	0.186	0.106	0.343	0.048	0.040	0.022
195411	0.279	0.190	0.118	0.347	0.039	0.008	0.020
195412	0.245	0.203	0.159	0.337	0.026	0.009	0.020
195501	0.218	0.186	0.193	0.371	0.011	0.015	0.006
195502	0.122	0.207	0.220	0.412	0.019	0.011	0.010
195503	0.139	0.214	0.211	0.382	0.025	0.018	0.011
195504	0.107	0.219	0.220	0.440	0.004	0.010	0.000
195505	0.077	0.228	0.223	0.454	0.002	0.009	0.007
195506	0.085	0.150	0.296	0.445	0.017	0.007	0.000
195507	0.089	0.126	0.247	0.485	0.036	0.008	0.009
195508	0.091	0.099	0.274	0.484	0.039	0.011	0.000
195509	0.078	0.115	0.309	0.477	0.011	0.008	0.002
195510	0.091	0.132	0.304	0.428	0.031	0.008	0.007
195511	0.088	0.163	0.244	0.442	0.043	0.011	0.009
195512	0.086	0.206	0.244	0.351	0.059	0.047	0.008
195601	0.088	0.204	0.239	0.317	0.042	0.079	0.031
195602	0.088	0.128	0.248	0.386	0.062	0.064	0.025
195603	0.111	0.168	0.204	0.391	0.061	0.043	0.022
195604	0.120	0.145	0.202	0.435	0.064	0.034	0.000
195605	0.163	0.163	0.143	0.405	0.088	0.027	0.010
195606	0.233	0.124	0.147	0.382	0.083	0.021	0.010
195607	0.216	0.137	0.119	0.404	0.080	0.032	0.012
195608	0.256	0.103	0.138	0.380	0.077	0.025	0.020
195609	0.309	0.076	0.139	0.386	0.056	0.023	0.010
195610	0.319	0.073	0.154	0.372	0.055	0.014	0.013
195611	0.295	0.094	0.151	0.422	0.024	0.013	0.000
195612	0.299	0.124	0.129	0.414	0.031	0.004	0.000
195701	0.235	0.097	0.143	0.490	0.029	0.006	0.000
195702	0.213	0.118	0.133	0.496	0.035	0.002	0.002
195703	0.085	0.096	0.153	0.640	0.015	0.010	0.002
195704	0.042	0.087	0.063	0.670	0.114	0.025	0.000
195705	0.016	0.042	0.081	0.589	0.144	0.086	0.042
195706	0.020	0.041	0.090	0.488	0.179	0.112	0.069
195707	0.014	0.044	0.107	0.485	0.180	0.106	0.065
195708	0.007	0.071	0.101	0.507	0.184	0.053	0.078
195709	0.018	0.050	0.079	0.516	0.183	0.103	0.051
195710	0.008	0.032	0.039	0.554	0.155	0.143	0.068
195711	0.003	0.015	0.047	0.489	0.180	0.142	0.124
195712	0.000	0.002	0.028	0.591	0.185	0.137	0.057
195801	0.000	0.000	0.020	0.632	0.159	0.136	0.053
195802	0.000	0.000	0.022	0.621	0.178	0.098	0.080
195803	0.000	0.000	0.046	0.536	0.211	0.120	0.087
195804	0.000	0.003	0.041	0.488	0.190	0.194	0.085
195805	0.003	0.017	0.078	0.510	0.179	0.155	0.058
195806	0.003	0.012	0.026	0.554	0.201	0.127	0.077
195807	0.003	0.009	0.043	0.461	0.188	0.177	0.119
195808	0.011	0.010	0.065	0.544	0.150	0.145	0.076
195809	0.011	0.010	0.078	0.585	0.108	0.148	0.060
195810	0.011	0.031	0.083	0.676	0.092	0.069	0.039
195811	0.002	0.013	0.089	0.759	0.052	0.067	0.017
195812	0.004	0.036	0.101	0.758	0.067	0.020	0.014
195901	0.011	0.027	0.144	0.705	0.087	0.019	0.007
195902	0.004	0.025	0.125	0.716	0.099	0.020	0.010
195903	0.020	0.030	0.174	0.683	0.069	0.019	0.004
195904	0.025	0.075	0.214	0.607	0.056	0.022	0.001
195905	0.013	0.093	0.177	0.623	0.054	0.040	0.000
195906	0.027	0.110	0.140	0.639	0.059	0.024	0.000
195907	0.079	0.085	0.129	0.622	0.054	0.032	0.000
195908	0.046	0.133	0.104	0.626	0.071	0.020	0.000
195909	0.020	0.074	0.130	0.629	0.114	0.029	0.004
195910	0.011	0.036	0.110	0.613	0.126	0.086	0.018
195911	0.032	0.048	0.087	0.589	0.162	0.064	0.018
195912	0.015	0.061	0.099	0.593	0.168	0.039	0.025
196001	0.012	0.067	0.080	0.609	0.154	0.062	0.017
196002	0.002	0.071	0.046	0.592	0.180	0.093	0.015
196003	0.000	0.063	0.069	0.657	0.121	0.072	0.018
196004	0.004	0.068	0.094	0.678	0.101	0.040	0.014
196005	0.017	0.080	0.067	0.642	0.128	0.048	0.018
196006	0.037	0.065	0.068	0.689	0.089	0.048	0.004
196007	0.082	0.033	0.140	0.572	0.101	0.051	0.021
196008	0.071	0.060	0.105	0.600	0.093	0.040	0.031
196009	0.084	0.068	0.114	0.617	0.059	0.032	0.026
196010	0.062	0.078	0.128	0.606	0.072	0.020	0.034
196011	0.022	0.073	0.174	0.630	0.056	0.030	0.014
196012	0.017	0.089	0.176	0.613	0.050	0.042	0.014
196101	0.042	0.107	0.193	0.562	0.027	0.057	0.012
196102	0.047	0.102	0.145	0.570	0.076	0.049	0.012
196103	0.054	0.090	0.111	0.609	0.075	0.042	0.019
196104	0.034	0.097	0.124	0.608	0.103	0.028	0.005
196105	0.033	0.113	0.113	0.618	0.106	0.017	0.000
196106	0.095	0.116	0.079	0.552	0.125	0.034	0.000
196107	0.127	0.087	0.069	0.506	0.153	0.031	0.026
196108	0.101	0.045	0.054	0.588	0.135	0.057	0.019
196109	0.020	0.040	0.051	0.643	0.124	0.096	0.026
196110	0.014	0.045	0.055	0.655	0.143	0.068	0.019
196111	0.012	0.034	0.080	0.630	0.098	0.109	0.038
196112	0.009	0.035	0.073	0.639	0.131	0.073	0.041
196201	0.006	0.052	0.062	0.631	0.135	0.072	0.042
196202	0.004	0.024	0.050	0.694	0.127	0.087	0.014
196203	0.000	0.023	0.065	0.740	0.132	0.039	0.002
196204	0.002	0.035	0.044	0.831	0.075	0.014	0.000
196205	0.001	0.010	0.092	0.805	0.064	0.028	0.000
196206	0.000	0.003	0.097	0.743	0.128	0.023	0.006
196207	0.000	0.024	0.069	0.684	0.116	0.069	0.039
196208	0.000	0.050	0.136	0.633	0.076	0.053	0.051
196209	0.000	0.032	0.122	0.699	0.077	0.021	0.049
196210	0.000	0.041	0.104	0.740	0.075	0.031	0.010
196211	0.000	0.050	0.121	0.730	0.076	0.021	0.002
